Reasoning:  
The provided program defines a function `func_1` that takes two tuples as input and returns a new tuple where each element is the result of integer division (`//`) of the corresponding elements from the input tuples. The use of the `zip` function ensures that elements are paired correctly, and the generator expression inside the `tuple` constructor handles the element-wise division.

The test cases provided are:
1. `assert func_1((10, 4, 6, 9), (5, 2, 3, 3)) == (2, 2, 2, 3)`
   - 10 // 5 = 2
   - 4 // 2 = 2
   - 6 // 3 = 2
   - 9 // 3 = 3
   - Result: (2, 2, 2, 3) matches the expected output.

2. `assert func_1((12, 6, 8, 16), (6, 3, 4, 4)) == (2, 2, 2, 4)`
   - 12 // 6 = 2
   - 6 // 3 = 2
   - 8 // 4 = 2
   - 16 // 4 = 4
   - Result: (2, 2, 2, 4) matches the expected output.

3. `assert func_1((20, 14, 36, 18), (5, 7, 6, 9)) == (4, 2, 6, 2)`
   - 20 // 5 = 4
   - 14 // 7 = 2
   - 36 // 6 = 6
   - 18 // 9 = 2
   - Result: (4, 2, 6, 2) matches the expected output.

All test cases pass, and the function behaves as expected according to the problem description.

Correctness: **True**